{
 "cells": [
  {
   "cell_type": "code",
   "execution_count": 1,
   "id": "68a4282a",
   "metadata": {},
   "outputs": [],
   "source": [
    "import numpy as np\n",
    "import pandas as pd"
   ]
  },
  {
   "cell_type": "code",
   "execution_count": 2,
   "id": "b39f91f0",
   "metadata": {},
   "outputs": [],
   "source": [
    "d1 = pd.DataFrame(np.random.rand(500, 5), index = np.arange(500))"
   ]
  },
  {
   "cell_type": "code",
   "execution_count": 3,
   "id": "8920976b",
   "metadata": {},
   "outputs": [
    {
     "data": {
      "text/html": [
       "<div>\n",
       "<style scoped>\n",
       "    .dataframe tbody tr th:only-of-type {\n",
       "        vertical-align: middle;\n",
       "    }\n",
       "\n",
       "    .dataframe tbody tr th {\n",
       "        vertical-align: top;\n",
       "    }\n",
       "\n",
       "    .dataframe thead th {\n",
       "        text-align: right;\n",
       "    }\n",
       "</style>\n",
       "<table border=\"1\" class=\"dataframe\">\n",
       "  <thead>\n",
       "    <tr style=\"text-align: right;\">\n",
       "      <th></th>\n",
       "      <th>0</th>\n",
       "      <th>1</th>\n",
       "      <th>2</th>\n",
       "      <th>3</th>\n",
       "      <th>4</th>\n",
       "    </tr>\n",
       "  </thead>\n",
       "  <tbody>\n",
       "    <tr>\n",
       "      <th>0</th>\n",
       "      <td>0.613570</td>\n",
       "      <td>0.977053</td>\n",
       "      <td>0.739036</td>\n",
       "      <td>0.208610</td>\n",
       "      <td>0.092917</td>\n",
       "    </tr>\n",
       "    <tr>\n",
       "      <th>1</th>\n",
       "      <td>0.250461</td>\n",
       "      <td>0.560870</td>\n",
       "      <td>0.639823</td>\n",
       "      <td>0.629054</td>\n",
       "      <td>0.154262</td>\n",
       "    </tr>\n",
       "    <tr>\n",
       "      <th>2</th>\n",
       "      <td>0.792430</td>\n",
       "      <td>0.774300</td>\n",
       "      <td>0.537195</td>\n",
       "      <td>0.345048</td>\n",
       "      <td>0.008923</td>\n",
       "    </tr>\n",
       "    <tr>\n",
       "      <th>3</th>\n",
       "      <td>0.667061</td>\n",
       "      <td>0.688172</td>\n",
       "      <td>0.392943</td>\n",
       "      <td>0.790604</td>\n",
       "      <td>0.740582</td>\n",
       "    </tr>\n",
       "    <tr>\n",
       "      <th>4</th>\n",
       "      <td>0.528630</td>\n",
       "      <td>0.618300</td>\n",
       "      <td>0.328616</td>\n",
       "      <td>0.427539</td>\n",
       "      <td>0.362936</td>\n",
       "    </tr>\n",
       "    <tr>\n",
       "      <th>...</th>\n",
       "      <td>...</td>\n",
       "      <td>...</td>\n",
       "      <td>...</td>\n",
       "      <td>...</td>\n",
       "      <td>...</td>\n",
       "    </tr>\n",
       "    <tr>\n",
       "      <th>495</th>\n",
       "      <td>0.617186</td>\n",
       "      <td>0.348492</td>\n",
       "      <td>0.398689</td>\n",
       "      <td>0.231736</td>\n",
       "      <td>0.389258</td>\n",
       "    </tr>\n",
       "    <tr>\n",
       "      <th>496</th>\n",
       "      <td>0.813249</td>\n",
       "      <td>0.666580</td>\n",
       "      <td>0.006171</td>\n",
       "      <td>0.111632</td>\n",
       "      <td>0.534261</td>\n",
       "    </tr>\n",
       "    <tr>\n",
       "      <th>497</th>\n",
       "      <td>0.857711</td>\n",
       "      <td>0.949733</td>\n",
       "      <td>0.164435</td>\n",
       "      <td>0.197273</td>\n",
       "      <td>0.533214</td>\n",
       "    </tr>\n",
       "    <tr>\n",
       "      <th>498</th>\n",
       "      <td>0.004005</td>\n",
       "      <td>0.627544</td>\n",
       "      <td>0.271961</td>\n",
       "      <td>0.526292</td>\n",
       "      <td>0.556967</td>\n",
       "    </tr>\n",
       "    <tr>\n",
       "      <th>499</th>\n",
       "      <td>0.264799</td>\n",
       "      <td>0.499270</td>\n",
       "      <td>0.784491</td>\n",
       "      <td>0.013875</td>\n",
       "      <td>0.402240</td>\n",
       "    </tr>\n",
       "  </tbody>\n",
       "</table>\n",
       "<p>500 rows × 5 columns</p>\n",
       "</div>"
      ],
      "text/plain": [
       "            0         1         2         3         4\n",
       "0    0.613570  0.977053  0.739036  0.208610  0.092917\n",
       "1    0.250461  0.560870  0.639823  0.629054  0.154262\n",
       "2    0.792430  0.774300  0.537195  0.345048  0.008923\n",
       "3    0.667061  0.688172  0.392943  0.790604  0.740582\n",
       "4    0.528630  0.618300  0.328616  0.427539  0.362936\n",
       "..        ...       ...       ...       ...       ...\n",
       "495  0.617186  0.348492  0.398689  0.231736  0.389258\n",
       "496  0.813249  0.666580  0.006171  0.111632  0.534261\n",
       "497  0.857711  0.949733  0.164435  0.197273  0.533214\n",
       "498  0.004005  0.627544  0.271961  0.526292  0.556967\n",
       "499  0.264799  0.499270  0.784491  0.013875  0.402240\n",
       "\n",
       "[500 rows x 5 columns]"
      ]
     },
     "execution_count": 3,
     "metadata": {},
     "output_type": "execute_result"
    }
   ],
   "source": [
    "d1"
   ]
  },
  {
   "cell_type": "code",
   "execution_count": 4,
   "id": "5973cedc",
   "metadata": {},
   "outputs": [
    {
     "data": {
      "text/html": [
       "<div>\n",
       "<style scoped>\n",
       "    .dataframe tbody tr th:only-of-type {\n",
       "        vertical-align: middle;\n",
       "    }\n",
       "\n",
       "    .dataframe tbody tr th {\n",
       "        vertical-align: top;\n",
       "    }\n",
       "\n",
       "    .dataframe thead th {\n",
       "        text-align: right;\n",
       "    }\n",
       "</style>\n",
       "<table border=\"1\" class=\"dataframe\">\n",
       "  <thead>\n",
       "    <tr style=\"text-align: right;\">\n",
       "      <th></th>\n",
       "      <th>0</th>\n",
       "      <th>1</th>\n",
       "      <th>2</th>\n",
       "      <th>3</th>\n",
       "      <th>4</th>\n",
       "    </tr>\n",
       "  </thead>\n",
       "  <tbody>\n",
       "    <tr>\n",
       "      <th>0</th>\n",
       "      <td>0.613570</td>\n",
       "      <td>0.977053</td>\n",
       "      <td>0.739036</td>\n",
       "      <td>0.208610</td>\n",
       "      <td>0.092917</td>\n",
       "    </tr>\n",
       "    <tr>\n",
       "      <th>1</th>\n",
       "      <td>0.250461</td>\n",
       "      <td>0.560870</td>\n",
       "      <td>0.639823</td>\n",
       "      <td>0.629054</td>\n",
       "      <td>0.154262</td>\n",
       "    </tr>\n",
       "    <tr>\n",
       "      <th>2</th>\n",
       "      <td>0.792430</td>\n",
       "      <td>0.774300</td>\n",
       "      <td>0.537195</td>\n",
       "      <td>0.345048</td>\n",
       "      <td>0.008923</td>\n",
       "    </tr>\n",
       "    <tr>\n",
       "      <th>3</th>\n",
       "      <td>0.667061</td>\n",
       "      <td>0.688172</td>\n",
       "      <td>0.392943</td>\n",
       "      <td>0.790604</td>\n",
       "      <td>0.740582</td>\n",
       "    </tr>\n",
       "    <tr>\n",
       "      <th>4</th>\n",
       "      <td>0.528630</td>\n",
       "      <td>0.618300</td>\n",
       "      <td>0.328616</td>\n",
       "      <td>0.427539</td>\n",
       "      <td>0.362936</td>\n",
       "    </tr>\n",
       "    <tr>\n",
       "      <th>...</th>\n",
       "      <td>...</td>\n",
       "      <td>...</td>\n",
       "      <td>...</td>\n",
       "      <td>...</td>\n",
       "      <td>...</td>\n",
       "    </tr>\n",
       "    <tr>\n",
       "      <th>495</th>\n",
       "      <td>0.617186</td>\n",
       "      <td>0.348492</td>\n",
       "      <td>0.398689</td>\n",
       "      <td>0.231736</td>\n",
       "      <td>0.389258</td>\n",
       "    </tr>\n",
       "    <tr>\n",
       "      <th>496</th>\n",
       "      <td>0.813249</td>\n",
       "      <td>0.666580</td>\n",
       "      <td>0.006171</td>\n",
       "      <td>0.111632</td>\n",
       "      <td>0.534261</td>\n",
       "    </tr>\n",
       "    <tr>\n",
       "      <th>497</th>\n",
       "      <td>0.857711</td>\n",
       "      <td>0.949733</td>\n",
       "      <td>0.164435</td>\n",
       "      <td>0.197273</td>\n",
       "      <td>0.533214</td>\n",
       "    </tr>\n",
       "    <tr>\n",
       "      <th>498</th>\n",
       "      <td>0.004005</td>\n",
       "      <td>0.627544</td>\n",
       "      <td>0.271961</td>\n",
       "      <td>0.526292</td>\n",
       "      <td>0.556967</td>\n",
       "    </tr>\n",
       "    <tr>\n",
       "      <th>499</th>\n",
       "      <td>0.264799</td>\n",
       "      <td>0.499270</td>\n",
       "      <td>0.784491</td>\n",
       "      <td>0.013875</td>\n",
       "      <td>0.402240</td>\n",
       "    </tr>\n",
       "  </tbody>\n",
       "</table>\n",
       "<p>500 rows × 5 columns</p>\n",
       "</div>"
      ],
      "text/plain": [
       "            0         1         2         3         4\n",
       "0    0.613570  0.977053  0.739036  0.208610  0.092917\n",
       "1    0.250461  0.560870  0.639823  0.629054  0.154262\n",
       "2    0.792430  0.774300  0.537195  0.345048  0.008923\n",
       "3    0.667061  0.688172  0.392943  0.790604  0.740582\n",
       "4    0.528630  0.618300  0.328616  0.427539  0.362936\n",
       "..        ...       ...       ...       ...       ...\n",
       "495  0.617186  0.348492  0.398689  0.231736  0.389258\n",
       "496  0.813249  0.666580  0.006171  0.111632  0.534261\n",
       "497  0.857711  0.949733  0.164435  0.197273  0.533214\n",
       "498  0.004005  0.627544  0.271961  0.526292  0.556967\n",
       "499  0.264799  0.499270  0.784491  0.013875  0.402240\n",
       "\n",
       "[500 rows x 5 columns]"
      ]
     },
     "execution_count": 4,
     "metadata": {},
     "output_type": "execute_result"
    }
   ],
   "source": [
    "d1.sort_index(axis = 0)"
   ]
  },
  {
   "cell_type": "code",
   "execution_count": 5,
   "id": "3853eb16",
   "metadata": {},
   "outputs": [
    {
     "data": {
      "text/html": [
       "<div>\n",
       "<style scoped>\n",
       "    .dataframe tbody tr th:only-of-type {\n",
       "        vertical-align: middle;\n",
       "    }\n",
       "\n",
       "    .dataframe tbody tr th {\n",
       "        vertical-align: top;\n",
       "    }\n",
       "\n",
       "    .dataframe thead th {\n",
       "        text-align: right;\n",
       "    }\n",
       "</style>\n",
       "<table border=\"1\" class=\"dataframe\">\n",
       "  <thead>\n",
       "    <tr style=\"text-align: right;\">\n",
       "      <th></th>\n",
       "      <th>0</th>\n",
       "      <th>1</th>\n",
       "      <th>2</th>\n",
       "      <th>3</th>\n",
       "      <th>4</th>\n",
       "    </tr>\n",
       "  </thead>\n",
       "  <tbody>\n",
       "    <tr>\n",
       "      <th>499</th>\n",
       "      <td>0.264799</td>\n",
       "      <td>0.499270</td>\n",
       "      <td>0.784491</td>\n",
       "      <td>0.013875</td>\n",
       "      <td>0.402240</td>\n",
       "    </tr>\n",
       "    <tr>\n",
       "      <th>498</th>\n",
       "      <td>0.004005</td>\n",
       "      <td>0.627544</td>\n",
       "      <td>0.271961</td>\n",
       "      <td>0.526292</td>\n",
       "      <td>0.556967</td>\n",
       "    </tr>\n",
       "    <tr>\n",
       "      <th>497</th>\n",
       "      <td>0.857711</td>\n",
       "      <td>0.949733</td>\n",
       "      <td>0.164435</td>\n",
       "      <td>0.197273</td>\n",
       "      <td>0.533214</td>\n",
       "    </tr>\n",
       "    <tr>\n",
       "      <th>496</th>\n",
       "      <td>0.813249</td>\n",
       "      <td>0.666580</td>\n",
       "      <td>0.006171</td>\n",
       "      <td>0.111632</td>\n",
       "      <td>0.534261</td>\n",
       "    </tr>\n",
       "    <tr>\n",
       "      <th>495</th>\n",
       "      <td>0.617186</td>\n",
       "      <td>0.348492</td>\n",
       "      <td>0.398689</td>\n",
       "      <td>0.231736</td>\n",
       "      <td>0.389258</td>\n",
       "    </tr>\n",
       "    <tr>\n",
       "      <th>...</th>\n",
       "      <td>...</td>\n",
       "      <td>...</td>\n",
       "      <td>...</td>\n",
       "      <td>...</td>\n",
       "      <td>...</td>\n",
       "    </tr>\n",
       "    <tr>\n",
       "      <th>4</th>\n",
       "      <td>0.528630</td>\n",
       "      <td>0.618300</td>\n",
       "      <td>0.328616</td>\n",
       "      <td>0.427539</td>\n",
       "      <td>0.362936</td>\n",
       "    </tr>\n",
       "    <tr>\n",
       "      <th>3</th>\n",
       "      <td>0.667061</td>\n",
       "      <td>0.688172</td>\n",
       "      <td>0.392943</td>\n",
       "      <td>0.790604</td>\n",
       "      <td>0.740582</td>\n",
       "    </tr>\n",
       "    <tr>\n",
       "      <th>2</th>\n",
       "      <td>0.792430</td>\n",
       "      <td>0.774300</td>\n",
       "      <td>0.537195</td>\n",
       "      <td>0.345048</td>\n",
       "      <td>0.008923</td>\n",
       "    </tr>\n",
       "    <tr>\n",
       "      <th>1</th>\n",
       "      <td>0.250461</td>\n",
       "      <td>0.560870</td>\n",
       "      <td>0.639823</td>\n",
       "      <td>0.629054</td>\n",
       "      <td>0.154262</td>\n",
       "    </tr>\n",
       "    <tr>\n",
       "      <th>0</th>\n",
       "      <td>0.613570</td>\n",
       "      <td>0.977053</td>\n",
       "      <td>0.739036</td>\n",
       "      <td>0.208610</td>\n",
       "      <td>0.092917</td>\n",
       "    </tr>\n",
       "  </tbody>\n",
       "</table>\n",
       "<p>500 rows × 5 columns</p>\n",
       "</div>"
      ],
      "text/plain": [
       "            0         1         2         3         4\n",
       "499  0.264799  0.499270  0.784491  0.013875  0.402240\n",
       "498  0.004005  0.627544  0.271961  0.526292  0.556967\n",
       "497  0.857711  0.949733  0.164435  0.197273  0.533214\n",
       "496  0.813249  0.666580  0.006171  0.111632  0.534261\n",
       "495  0.617186  0.348492  0.398689  0.231736  0.389258\n",
       "..        ...       ...       ...       ...       ...\n",
       "4    0.528630  0.618300  0.328616  0.427539  0.362936\n",
       "3    0.667061  0.688172  0.392943  0.790604  0.740582\n",
       "2    0.792430  0.774300  0.537195  0.345048  0.008923\n",
       "1    0.250461  0.560870  0.639823  0.629054  0.154262\n",
       "0    0.613570  0.977053  0.739036  0.208610  0.092917\n",
       "\n",
       "[500 rows x 5 columns]"
      ]
     },
     "execution_count": 5,
     "metadata": {},
     "output_type": "execute_result"
    }
   ],
   "source": [
    "d1.sort_index(axis = 0, ascending = False)"
   ]
  },
  {
   "cell_type": "code",
   "execution_count": 6,
   "id": "3721cd28",
   "metadata": {},
   "outputs": [
    {
     "data": {
      "text/html": [
       "<div>\n",
       "<style scoped>\n",
       "    .dataframe tbody tr th:only-of-type {\n",
       "        vertical-align: middle;\n",
       "    }\n",
       "\n",
       "    .dataframe tbody tr th {\n",
       "        vertical-align: top;\n",
       "    }\n",
       "\n",
       "    .dataframe thead th {\n",
       "        text-align: right;\n",
       "    }\n",
       "</style>\n",
       "<table border=\"1\" class=\"dataframe\">\n",
       "  <thead>\n",
       "    <tr style=\"text-align: right;\">\n",
       "      <th></th>\n",
       "      <th>4</th>\n",
       "      <th>3</th>\n",
       "      <th>2</th>\n",
       "      <th>1</th>\n",
       "      <th>0</th>\n",
       "    </tr>\n",
       "  </thead>\n",
       "  <tbody>\n",
       "    <tr>\n",
       "      <th>0</th>\n",
       "      <td>0.092917</td>\n",
       "      <td>0.208610</td>\n",
       "      <td>0.739036</td>\n",
       "      <td>0.977053</td>\n",
       "      <td>0.613570</td>\n",
       "    </tr>\n",
       "    <tr>\n",
       "      <th>1</th>\n",
       "      <td>0.154262</td>\n",
       "      <td>0.629054</td>\n",
       "      <td>0.639823</td>\n",
       "      <td>0.560870</td>\n",
       "      <td>0.250461</td>\n",
       "    </tr>\n",
       "    <tr>\n",
       "      <th>2</th>\n",
       "      <td>0.008923</td>\n",
       "      <td>0.345048</td>\n",
       "      <td>0.537195</td>\n",
       "      <td>0.774300</td>\n",
       "      <td>0.792430</td>\n",
       "    </tr>\n",
       "    <tr>\n",
       "      <th>3</th>\n",
       "      <td>0.740582</td>\n",
       "      <td>0.790604</td>\n",
       "      <td>0.392943</td>\n",
       "      <td>0.688172</td>\n",
       "      <td>0.667061</td>\n",
       "    </tr>\n",
       "    <tr>\n",
       "      <th>4</th>\n",
       "      <td>0.362936</td>\n",
       "      <td>0.427539</td>\n",
       "      <td>0.328616</td>\n",
       "      <td>0.618300</td>\n",
       "      <td>0.528630</td>\n",
       "    </tr>\n",
       "    <tr>\n",
       "      <th>...</th>\n",
       "      <td>...</td>\n",
       "      <td>...</td>\n",
       "      <td>...</td>\n",
       "      <td>...</td>\n",
       "      <td>...</td>\n",
       "    </tr>\n",
       "    <tr>\n",
       "      <th>495</th>\n",
       "      <td>0.389258</td>\n",
       "      <td>0.231736</td>\n",
       "      <td>0.398689</td>\n",
       "      <td>0.348492</td>\n",
       "      <td>0.617186</td>\n",
       "    </tr>\n",
       "    <tr>\n",
       "      <th>496</th>\n",
       "      <td>0.534261</td>\n",
       "      <td>0.111632</td>\n",
       "      <td>0.006171</td>\n",
       "      <td>0.666580</td>\n",
       "      <td>0.813249</td>\n",
       "    </tr>\n",
       "    <tr>\n",
       "      <th>497</th>\n",
       "      <td>0.533214</td>\n",
       "      <td>0.197273</td>\n",
       "      <td>0.164435</td>\n",
       "      <td>0.949733</td>\n",
       "      <td>0.857711</td>\n",
       "    </tr>\n",
       "    <tr>\n",
       "      <th>498</th>\n",
       "      <td>0.556967</td>\n",
       "      <td>0.526292</td>\n",
       "      <td>0.271961</td>\n",
       "      <td>0.627544</td>\n",
       "      <td>0.004005</td>\n",
       "    </tr>\n",
       "    <tr>\n",
       "      <th>499</th>\n",
       "      <td>0.402240</td>\n",
       "      <td>0.013875</td>\n",
       "      <td>0.784491</td>\n",
       "      <td>0.499270</td>\n",
       "      <td>0.264799</td>\n",
       "    </tr>\n",
       "  </tbody>\n",
       "</table>\n",
       "<p>500 rows × 5 columns</p>\n",
       "</div>"
      ],
      "text/plain": [
       "            4         3         2         1         0\n",
       "0    0.092917  0.208610  0.739036  0.977053  0.613570\n",
       "1    0.154262  0.629054  0.639823  0.560870  0.250461\n",
       "2    0.008923  0.345048  0.537195  0.774300  0.792430\n",
       "3    0.740582  0.790604  0.392943  0.688172  0.667061\n",
       "4    0.362936  0.427539  0.328616  0.618300  0.528630\n",
       "..        ...       ...       ...       ...       ...\n",
       "495  0.389258  0.231736  0.398689  0.348492  0.617186\n",
       "496  0.534261  0.111632  0.006171  0.666580  0.813249\n",
       "497  0.533214  0.197273  0.164435  0.949733  0.857711\n",
       "498  0.556967  0.526292  0.271961  0.627544  0.004005\n",
       "499  0.402240  0.013875  0.784491  0.499270  0.264799\n",
       "\n",
       "[500 rows x 5 columns]"
      ]
     },
     "execution_count": 6,
     "metadata": {},
     "output_type": "execute_result"
    }
   ],
   "source": [
    "d1.sort_index(axis = 1, ascending = False)"
   ]
  },
  {
   "cell_type": "markdown",
   "id": "dcfc9392",
   "metadata": {},
   "source": [
    "A view is copy of the existing data. We can create a view of the data in pandas as follows:"
   ]
  },
  {
   "cell_type": "code",
   "execution_count": 7,
   "id": "5f4a62c0",
   "metadata": {},
   "outputs": [],
   "source": [
    "d2 = d1"
   ]
  },
  {
   "cell_type": "code",
   "execution_count": 8,
   "id": "beed1b8b",
   "metadata": {},
   "outputs": [
    {
     "data": {
      "text/html": [
       "<div>\n",
       "<style scoped>\n",
       "    .dataframe tbody tr th:only-of-type {\n",
       "        vertical-align: middle;\n",
       "    }\n",
       "\n",
       "    .dataframe tbody tr th {\n",
       "        vertical-align: top;\n",
       "    }\n",
       "\n",
       "    .dataframe thead th {\n",
       "        text-align: right;\n",
       "    }\n",
       "</style>\n",
       "<table border=\"1\" class=\"dataframe\">\n",
       "  <thead>\n",
       "    <tr style=\"text-align: right;\">\n",
       "      <th></th>\n",
       "      <th>0</th>\n",
       "      <th>1</th>\n",
       "      <th>2</th>\n",
       "      <th>3</th>\n",
       "      <th>4</th>\n",
       "    </tr>\n",
       "  </thead>\n",
       "  <tbody>\n",
       "    <tr>\n",
       "      <th>0</th>\n",
       "      <td>0.613570</td>\n",
       "      <td>0.977053</td>\n",
       "      <td>0.739036</td>\n",
       "      <td>0.208610</td>\n",
       "      <td>0.092917</td>\n",
       "    </tr>\n",
       "    <tr>\n",
       "      <th>1</th>\n",
       "      <td>0.250461</td>\n",
       "      <td>0.560870</td>\n",
       "      <td>0.639823</td>\n",
       "      <td>0.629054</td>\n",
       "      <td>0.154262</td>\n",
       "    </tr>\n",
       "    <tr>\n",
       "      <th>2</th>\n",
       "      <td>0.792430</td>\n",
       "      <td>0.774300</td>\n",
       "      <td>0.537195</td>\n",
       "      <td>0.345048</td>\n",
       "      <td>0.008923</td>\n",
       "    </tr>\n",
       "    <tr>\n",
       "      <th>3</th>\n",
       "      <td>0.667061</td>\n",
       "      <td>0.688172</td>\n",
       "      <td>0.392943</td>\n",
       "      <td>0.790604</td>\n",
       "      <td>0.740582</td>\n",
       "    </tr>\n",
       "    <tr>\n",
       "      <th>4</th>\n",
       "      <td>0.528630</td>\n",
       "      <td>0.618300</td>\n",
       "      <td>0.328616</td>\n",
       "      <td>0.427539</td>\n",
       "      <td>0.362936</td>\n",
       "    </tr>\n",
       "    <tr>\n",
       "      <th>...</th>\n",
       "      <td>...</td>\n",
       "      <td>...</td>\n",
       "      <td>...</td>\n",
       "      <td>...</td>\n",
       "      <td>...</td>\n",
       "    </tr>\n",
       "    <tr>\n",
       "      <th>495</th>\n",
       "      <td>0.617186</td>\n",
       "      <td>0.348492</td>\n",
       "      <td>0.398689</td>\n",
       "      <td>0.231736</td>\n",
       "      <td>0.389258</td>\n",
       "    </tr>\n",
       "    <tr>\n",
       "      <th>496</th>\n",
       "      <td>0.813249</td>\n",
       "      <td>0.666580</td>\n",
       "      <td>0.006171</td>\n",
       "      <td>0.111632</td>\n",
       "      <td>0.534261</td>\n",
       "    </tr>\n",
       "    <tr>\n",
       "      <th>497</th>\n",
       "      <td>0.857711</td>\n",
       "      <td>0.949733</td>\n",
       "      <td>0.164435</td>\n",
       "      <td>0.197273</td>\n",
       "      <td>0.533214</td>\n",
       "    </tr>\n",
       "    <tr>\n",
       "      <th>498</th>\n",
       "      <td>0.004005</td>\n",
       "      <td>0.627544</td>\n",
       "      <td>0.271961</td>\n",
       "      <td>0.526292</td>\n",
       "      <td>0.556967</td>\n",
       "    </tr>\n",
       "    <tr>\n",
       "      <th>499</th>\n",
       "      <td>0.264799</td>\n",
       "      <td>0.499270</td>\n",
       "      <td>0.784491</td>\n",
       "      <td>0.013875</td>\n",
       "      <td>0.402240</td>\n",
       "    </tr>\n",
       "  </tbody>\n",
       "</table>\n",
       "<p>500 rows × 5 columns</p>\n",
       "</div>"
      ],
      "text/plain": [
       "            0         1         2         3         4\n",
       "0    0.613570  0.977053  0.739036  0.208610  0.092917\n",
       "1    0.250461  0.560870  0.639823  0.629054  0.154262\n",
       "2    0.792430  0.774300  0.537195  0.345048  0.008923\n",
       "3    0.667061  0.688172  0.392943  0.790604  0.740582\n",
       "4    0.528630  0.618300  0.328616  0.427539  0.362936\n",
       "..        ...       ...       ...       ...       ...\n",
       "495  0.617186  0.348492  0.398689  0.231736  0.389258\n",
       "496  0.813249  0.666580  0.006171  0.111632  0.534261\n",
       "497  0.857711  0.949733  0.164435  0.197273  0.533214\n",
       "498  0.004005  0.627544  0.271961  0.526292  0.556967\n",
       "499  0.264799  0.499270  0.784491  0.013875  0.402240\n",
       "\n",
       "[500 rows x 5 columns]"
      ]
     },
     "execution_count": 8,
     "metadata": {},
     "output_type": "execute_result"
    }
   ],
   "source": [
    "d2"
   ]
  },
  {
   "cell_type": "markdown",
   "id": "9e3138e2",
   "metadata": {},
   "source": [
    "Any updation done in d2 we also affect the original dataframe."
   ]
  },
  {
   "cell_type": "code",
   "execution_count": 9,
   "id": "5a270f6d",
   "metadata": {},
   "outputs": [],
   "source": [
    "d2[0][1] = 3"
   ]
  },
  {
   "cell_type": "code",
   "execution_count": 10,
   "id": "eaca4115",
   "metadata": {},
   "outputs": [
    {
     "data": {
      "text/html": [
       "<div>\n",
       "<style scoped>\n",
       "    .dataframe tbody tr th:only-of-type {\n",
       "        vertical-align: middle;\n",
       "    }\n",
       "\n",
       "    .dataframe tbody tr th {\n",
       "        vertical-align: top;\n",
       "    }\n",
       "\n",
       "    .dataframe thead th {\n",
       "        text-align: right;\n",
       "    }\n",
       "</style>\n",
       "<table border=\"1\" class=\"dataframe\">\n",
       "  <thead>\n",
       "    <tr style=\"text-align: right;\">\n",
       "      <th></th>\n",
       "      <th>0</th>\n",
       "      <th>1</th>\n",
       "      <th>2</th>\n",
       "      <th>3</th>\n",
       "      <th>4</th>\n",
       "    </tr>\n",
       "  </thead>\n",
       "  <tbody>\n",
       "    <tr>\n",
       "      <th>0</th>\n",
       "      <td>0.613570</td>\n",
       "      <td>0.977053</td>\n",
       "      <td>0.739036</td>\n",
       "      <td>0.208610</td>\n",
       "      <td>0.092917</td>\n",
       "    </tr>\n",
       "    <tr>\n",
       "      <th>1</th>\n",
       "      <td>3.000000</td>\n",
       "      <td>0.560870</td>\n",
       "      <td>0.639823</td>\n",
       "      <td>0.629054</td>\n",
       "      <td>0.154262</td>\n",
       "    </tr>\n",
       "    <tr>\n",
       "      <th>2</th>\n",
       "      <td>0.792430</td>\n",
       "      <td>0.774300</td>\n",
       "      <td>0.537195</td>\n",
       "      <td>0.345048</td>\n",
       "      <td>0.008923</td>\n",
       "    </tr>\n",
       "    <tr>\n",
       "      <th>3</th>\n",
       "      <td>0.667061</td>\n",
       "      <td>0.688172</td>\n",
       "      <td>0.392943</td>\n",
       "      <td>0.790604</td>\n",
       "      <td>0.740582</td>\n",
       "    </tr>\n",
       "    <tr>\n",
       "      <th>4</th>\n",
       "      <td>0.528630</td>\n",
       "      <td>0.618300</td>\n",
       "      <td>0.328616</td>\n",
       "      <td>0.427539</td>\n",
       "      <td>0.362936</td>\n",
       "    </tr>\n",
       "    <tr>\n",
       "      <th>...</th>\n",
       "      <td>...</td>\n",
       "      <td>...</td>\n",
       "      <td>...</td>\n",
       "      <td>...</td>\n",
       "      <td>...</td>\n",
       "    </tr>\n",
       "    <tr>\n",
       "      <th>495</th>\n",
       "      <td>0.617186</td>\n",
       "      <td>0.348492</td>\n",
       "      <td>0.398689</td>\n",
       "      <td>0.231736</td>\n",
       "      <td>0.389258</td>\n",
       "    </tr>\n",
       "    <tr>\n",
       "      <th>496</th>\n",
       "      <td>0.813249</td>\n",
       "      <td>0.666580</td>\n",
       "      <td>0.006171</td>\n",
       "      <td>0.111632</td>\n",
       "      <td>0.534261</td>\n",
       "    </tr>\n",
       "    <tr>\n",
       "      <th>497</th>\n",
       "      <td>0.857711</td>\n",
       "      <td>0.949733</td>\n",
       "      <td>0.164435</td>\n",
       "      <td>0.197273</td>\n",
       "      <td>0.533214</td>\n",
       "    </tr>\n",
       "    <tr>\n",
       "      <th>498</th>\n",
       "      <td>0.004005</td>\n",
       "      <td>0.627544</td>\n",
       "      <td>0.271961</td>\n",
       "      <td>0.526292</td>\n",
       "      <td>0.556967</td>\n",
       "    </tr>\n",
       "    <tr>\n",
       "      <th>499</th>\n",
       "      <td>0.264799</td>\n",
       "      <td>0.499270</td>\n",
       "      <td>0.784491</td>\n",
       "      <td>0.013875</td>\n",
       "      <td>0.402240</td>\n",
       "    </tr>\n",
       "  </tbody>\n",
       "</table>\n",
       "<p>500 rows × 5 columns</p>\n",
       "</div>"
      ],
      "text/plain": [
       "            0         1         2         3         4\n",
       "0    0.613570  0.977053  0.739036  0.208610  0.092917\n",
       "1    3.000000  0.560870  0.639823  0.629054  0.154262\n",
       "2    0.792430  0.774300  0.537195  0.345048  0.008923\n",
       "3    0.667061  0.688172  0.392943  0.790604  0.740582\n",
       "4    0.528630  0.618300  0.328616  0.427539  0.362936\n",
       "..        ...       ...       ...       ...       ...\n",
       "495  0.617186  0.348492  0.398689  0.231736  0.389258\n",
       "496  0.813249  0.666580  0.006171  0.111632  0.534261\n",
       "497  0.857711  0.949733  0.164435  0.197273  0.533214\n",
       "498  0.004005  0.627544  0.271961  0.526292  0.556967\n",
       "499  0.264799  0.499270  0.784491  0.013875  0.402240\n",
       "\n",
       "[500 rows x 5 columns]"
      ]
     },
     "execution_count": 10,
     "metadata": {},
     "output_type": "execute_result"
    }
   ],
   "source": [
    "d1"
   ]
  },
  {
   "cell_type": "code",
   "execution_count": 11,
   "id": "8675aacc",
   "metadata": {},
   "outputs": [
    {
     "data": {
      "text/html": [
       "<div>\n",
       "<style scoped>\n",
       "    .dataframe tbody tr th:only-of-type {\n",
       "        vertical-align: middle;\n",
       "    }\n",
       "\n",
       "    .dataframe tbody tr th {\n",
       "        vertical-align: top;\n",
       "    }\n",
       "\n",
       "    .dataframe thead th {\n",
       "        text-align: right;\n",
       "    }\n",
       "</style>\n",
       "<table border=\"1\" class=\"dataframe\">\n",
       "  <thead>\n",
       "    <tr style=\"text-align: right;\">\n",
       "      <th></th>\n",
       "      <th>0</th>\n",
       "      <th>1</th>\n",
       "      <th>2</th>\n",
       "      <th>3</th>\n",
       "      <th>4</th>\n",
       "    </tr>\n",
       "  </thead>\n",
       "  <tbody>\n",
       "    <tr>\n",
       "      <th>0</th>\n",
       "      <td>0.613570</td>\n",
       "      <td>0.977053</td>\n",
       "      <td>0.739036</td>\n",
       "      <td>0.208610</td>\n",
       "      <td>0.092917</td>\n",
       "    </tr>\n",
       "    <tr>\n",
       "      <th>1</th>\n",
       "      <td>3.000000</td>\n",
       "      <td>0.560870</td>\n",
       "      <td>0.639823</td>\n",
       "      <td>0.629054</td>\n",
       "      <td>0.154262</td>\n",
       "    </tr>\n",
       "    <tr>\n",
       "      <th>2</th>\n",
       "      <td>0.792430</td>\n",
       "      <td>0.774300</td>\n",
       "      <td>0.537195</td>\n",
       "      <td>0.345048</td>\n",
       "      <td>0.008923</td>\n",
       "    </tr>\n",
       "    <tr>\n",
       "      <th>3</th>\n",
       "      <td>0.667061</td>\n",
       "      <td>0.688172</td>\n",
       "      <td>0.392943</td>\n",
       "      <td>0.790604</td>\n",
       "      <td>0.740582</td>\n",
       "    </tr>\n",
       "    <tr>\n",
       "      <th>4</th>\n",
       "      <td>0.528630</td>\n",
       "      <td>0.618300</td>\n",
       "      <td>0.328616</td>\n",
       "      <td>0.427539</td>\n",
       "      <td>0.362936</td>\n",
       "    </tr>\n",
       "    <tr>\n",
       "      <th>...</th>\n",
       "      <td>...</td>\n",
       "      <td>...</td>\n",
       "      <td>...</td>\n",
       "      <td>...</td>\n",
       "      <td>...</td>\n",
       "    </tr>\n",
       "    <tr>\n",
       "      <th>495</th>\n",
       "      <td>0.617186</td>\n",
       "      <td>0.348492</td>\n",
       "      <td>0.398689</td>\n",
       "      <td>0.231736</td>\n",
       "      <td>0.389258</td>\n",
       "    </tr>\n",
       "    <tr>\n",
       "      <th>496</th>\n",
       "      <td>0.813249</td>\n",
       "      <td>0.666580</td>\n",
       "      <td>0.006171</td>\n",
       "      <td>0.111632</td>\n",
       "      <td>0.534261</td>\n",
       "    </tr>\n",
       "    <tr>\n",
       "      <th>497</th>\n",
       "      <td>0.857711</td>\n",
       "      <td>0.949733</td>\n",
       "      <td>0.164435</td>\n",
       "      <td>0.197273</td>\n",
       "      <td>0.533214</td>\n",
       "    </tr>\n",
       "    <tr>\n",
       "      <th>498</th>\n",
       "      <td>0.004005</td>\n",
       "      <td>0.627544</td>\n",
       "      <td>0.271961</td>\n",
       "      <td>0.526292</td>\n",
       "      <td>0.556967</td>\n",
       "    </tr>\n",
       "    <tr>\n",
       "      <th>499</th>\n",
       "      <td>0.264799</td>\n",
       "      <td>0.499270</td>\n",
       "      <td>0.784491</td>\n",
       "      <td>0.013875</td>\n",
       "      <td>0.402240</td>\n",
       "    </tr>\n",
       "  </tbody>\n",
       "</table>\n",
       "<p>500 rows × 5 columns</p>\n",
       "</div>"
      ],
      "text/plain": [
       "            0         1         2         3         4\n",
       "0    0.613570  0.977053  0.739036  0.208610  0.092917\n",
       "1    3.000000  0.560870  0.639823  0.629054  0.154262\n",
       "2    0.792430  0.774300  0.537195  0.345048  0.008923\n",
       "3    0.667061  0.688172  0.392943  0.790604  0.740582\n",
       "4    0.528630  0.618300  0.328616  0.427539  0.362936\n",
       "..        ...       ...       ...       ...       ...\n",
       "495  0.617186  0.348492  0.398689  0.231736  0.389258\n",
       "496  0.813249  0.666580  0.006171  0.111632  0.534261\n",
       "497  0.857711  0.949733  0.164435  0.197273  0.533214\n",
       "498  0.004005  0.627544  0.271961  0.526292  0.556967\n",
       "499  0.264799  0.499270  0.784491  0.013875  0.402240\n",
       "\n",
       "[500 rows x 5 columns]"
      ]
     },
     "execution_count": 11,
     "metadata": {},
     "output_type": "execute_result"
    }
   ],
   "source": [
    "d2"
   ]
  },
  {
   "cell_type": "markdown",
   "id": "4f9ec892",
   "metadata": {},
   "source": [
    "If we want to create a copy of the existing dataframe then we can use .copy() method provided by DataFrames in Pandas."
   ]
  },
  {
   "cell_type": "code",
   "execution_count": 12,
   "id": "0fa670b8",
   "metadata": {},
   "outputs": [],
   "source": [
    "d1_copy = d1.copy()"
   ]
  },
  {
   "cell_type": "code",
   "execution_count": 13,
   "id": "4fb632bf",
   "metadata": {},
   "outputs": [
    {
     "data": {
      "text/html": [
       "<div>\n",
       "<style scoped>\n",
       "    .dataframe tbody tr th:only-of-type {\n",
       "        vertical-align: middle;\n",
       "    }\n",
       "\n",
       "    .dataframe tbody tr th {\n",
       "        vertical-align: top;\n",
       "    }\n",
       "\n",
       "    .dataframe thead th {\n",
       "        text-align: right;\n",
       "    }\n",
       "</style>\n",
       "<table border=\"1\" class=\"dataframe\">\n",
       "  <thead>\n",
       "    <tr style=\"text-align: right;\">\n",
       "      <th></th>\n",
       "      <th>0</th>\n",
       "      <th>1</th>\n",
       "      <th>2</th>\n",
       "      <th>3</th>\n",
       "      <th>4</th>\n",
       "    </tr>\n",
       "  </thead>\n",
       "  <tbody>\n",
       "    <tr>\n",
       "      <th>0</th>\n",
       "      <td>0.613570</td>\n",
       "      <td>0.977053</td>\n",
       "      <td>0.739036</td>\n",
       "      <td>0.208610</td>\n",
       "      <td>0.092917</td>\n",
       "    </tr>\n",
       "    <tr>\n",
       "      <th>1</th>\n",
       "      <td>3.000000</td>\n",
       "      <td>0.560870</td>\n",
       "      <td>0.639823</td>\n",
       "      <td>0.629054</td>\n",
       "      <td>0.154262</td>\n",
       "    </tr>\n",
       "    <tr>\n",
       "      <th>2</th>\n",
       "      <td>0.792430</td>\n",
       "      <td>0.774300</td>\n",
       "      <td>0.537195</td>\n",
       "      <td>0.345048</td>\n",
       "      <td>0.008923</td>\n",
       "    </tr>\n",
       "    <tr>\n",
       "      <th>3</th>\n",
       "      <td>0.667061</td>\n",
       "      <td>0.688172</td>\n",
       "      <td>0.392943</td>\n",
       "      <td>0.790604</td>\n",
       "      <td>0.740582</td>\n",
       "    </tr>\n",
       "    <tr>\n",
       "      <th>4</th>\n",
       "      <td>0.528630</td>\n",
       "      <td>0.618300</td>\n",
       "      <td>0.328616</td>\n",
       "      <td>0.427539</td>\n",
       "      <td>0.362936</td>\n",
       "    </tr>\n",
       "    <tr>\n",
       "      <th>...</th>\n",
       "      <td>...</td>\n",
       "      <td>...</td>\n",
       "      <td>...</td>\n",
       "      <td>...</td>\n",
       "      <td>...</td>\n",
       "    </tr>\n",
       "    <tr>\n",
       "      <th>495</th>\n",
       "      <td>0.617186</td>\n",
       "      <td>0.348492</td>\n",
       "      <td>0.398689</td>\n",
       "      <td>0.231736</td>\n",
       "      <td>0.389258</td>\n",
       "    </tr>\n",
       "    <tr>\n",
       "      <th>496</th>\n",
       "      <td>0.813249</td>\n",
       "      <td>0.666580</td>\n",
       "      <td>0.006171</td>\n",
       "      <td>0.111632</td>\n",
       "      <td>0.534261</td>\n",
       "    </tr>\n",
       "    <tr>\n",
       "      <th>497</th>\n",
       "      <td>0.857711</td>\n",
       "      <td>0.949733</td>\n",
       "      <td>0.164435</td>\n",
       "      <td>0.197273</td>\n",
       "      <td>0.533214</td>\n",
       "    </tr>\n",
       "    <tr>\n",
       "      <th>498</th>\n",
       "      <td>0.004005</td>\n",
       "      <td>0.627544</td>\n",
       "      <td>0.271961</td>\n",
       "      <td>0.526292</td>\n",
       "      <td>0.556967</td>\n",
       "    </tr>\n",
       "    <tr>\n",
       "      <th>499</th>\n",
       "      <td>0.264799</td>\n",
       "      <td>0.499270</td>\n",
       "      <td>0.784491</td>\n",
       "      <td>0.013875</td>\n",
       "      <td>0.402240</td>\n",
       "    </tr>\n",
       "  </tbody>\n",
       "</table>\n",
       "<p>500 rows × 5 columns</p>\n",
       "</div>"
      ],
      "text/plain": [
       "            0         1         2         3         4\n",
       "0    0.613570  0.977053  0.739036  0.208610  0.092917\n",
       "1    3.000000  0.560870  0.639823  0.629054  0.154262\n",
       "2    0.792430  0.774300  0.537195  0.345048  0.008923\n",
       "3    0.667061  0.688172  0.392943  0.790604  0.740582\n",
       "4    0.528630  0.618300  0.328616  0.427539  0.362936\n",
       "..        ...       ...       ...       ...       ...\n",
       "495  0.617186  0.348492  0.398689  0.231736  0.389258\n",
       "496  0.813249  0.666580  0.006171  0.111632  0.534261\n",
       "497  0.857711  0.949733  0.164435  0.197273  0.533214\n",
       "498  0.004005  0.627544  0.271961  0.526292  0.556967\n",
       "499  0.264799  0.499270  0.784491  0.013875  0.402240\n",
       "\n",
       "[500 rows x 5 columns]"
      ]
     },
     "execution_count": 13,
     "metadata": {},
     "output_type": "execute_result"
    }
   ],
   "source": [
    "d1_copy"
   ]
  },
  {
   "cell_type": "code",
   "execution_count": 14,
   "id": "37a1c5bb",
